11111111111111111111111111111111111111111111111111111111111111111111111111111111111111111111111111111111111111111111111111111111
10000000000000000000000000000000000000000000000000000000000000000000000000000000000000000000000000000000000000000000000000000001
10000000000000000000000000000000000000000000000000000000000000000000000000000000000000000000000000000000000000000000000000000001
10000000000000000000000000200000000000000000002000000000000000000200000000000000000000020000000000000000000000000200000000000001
10000000000000000000000000000000000000000000000000000000000000000000000000000000000000000000000000000000000000000000000000000001
10000000000000000000000000000000000000000000000000000000000000000000000000000000000000000000000000000000000000000000000000000001
10000011111111111111111111111000000000111111111111111111111110000000001111111111111111111111100000000001111111111111111111000001
10000011111111111111111111111000000000111111111111111111111110000000001111111111111111111111100000000001111111111111111111000001
10000011111111111111111111111000000000111111111111111111111110000000001111111111111111111111100000000001111111111111111111000001
10000011111111111111111111111000000000111111111111111111111110000000001111111111111111111111100000000000000000000000000000000001
10000011111111111111111111111000000000111111111111111111111110000200001111111111111111111111100000000000000000000000000000000001
10000011111111111111111111111000000000111111111111111111111110000000001111111111111111111111100000000000000000000000000000000001
10000011111111111111111111111000000000111111111111111111111110000000001111111111111111111111100000020000000000002000000000002001
10000011111111111111111111111000000000111111111111111111111110000000001111111111111111111111100000000000000000000000000000000001    
10000011111111111111111111111000000000111111111111111111111110000000001111111111111111111111100000000000000000000000000000000001   
10000011111111111111111111111000000000111111111111111111111110000000001111111111111111111111100000000000000000000000000000000001  
10000011111111111111111111111000000000111111111111111111111110000000001111111111111111111111100000000001111111111111111111000001 
10000011111111111111111111111000000000111111111111111111111110000000001111111111111111111111100000002001111111111111111111000001 
10000011111111111111111111111000000000111111111111111111111110000000001111111111111111111111100000000001111111111111111111000001 
10000011111111111111111111111000000000111111111111111111111110000000001111111111111111111111100000000000000000000000000000000001  
10000011111111111111111111111000000000111111111111111111111110000200001111111111111111111111100000000000000000000000000000000001   
10000011111111111111111111111000000000111111111111111111111110000000001111111111111111111111100000002000000000000000000000000001
10000011111111111111111111111000000000111111111111111111111110000000001111111111111111111111100000000000000000000000000000000001
10000011111111111111111111111000000000111111111111111111111110000000001111111111111111111111100000000000000000000000000000000001
10000000000000000000000000000000000000000000000000000000000000000000000000000000000000000000000000000000000000000000000000000001
10000000000000000000000000000000000000000000000000000000000000000000000000000000000000000000000000000000000000000000000000000001
10020000000000000000000002000000020000000002000000000002000000000200000000000000200000000002000000002000000000000200000000002001
10000000000000000000000000000000000000000000000000000000000000000000000000000000000000000000000000000000000000000000000000000001
10000000000000000000000000000000000000000000000000000000000000000000000000000000000000000000000000000000000000000000000000000001
10000000000000000000000000000000000000000000000000000000000000000000000000000000000000000000000000000000000000000000000000000001
10000000000001111100000000000000000111111111111111111111111111111111111111111111111111100000000011111111111111111111111111000001
10020000000011111110000000000000000111111111111111111111111111111111111111111111111111100000000011111111111111111111111111000001
10000000000111111111000000000000000111111111111111111111111111111111111111111111111111100000000011111111111111111111111111002001
10000000001111111111100002000000000111111111111111111111111111111111111111111111111111100000000011111111111111111111111111000001
10000000001111111111100000000000000111111111111111111111111111111111111111111111111111100002000011111111111111111111111111000001
10000000001111111111100000000000000111111111111111111111111111111111111111111111111111100000000011111111111111111111111111000001
10000000001111111111100000000000000111111111111111111111111111111111111111111111111111100000000011111111111111111111111111002001
10000000000111111111000000000000000111111111111111111111111111111111111111111111111111100002000011111111111111111111111111000001
10000000000011111110000000000000000111111111111111111111111111111111111111111111111111100000000011111111111111111111111111000001
10020000000001111100000000000000000111111111111111111111111111111111111111111111111111100000000011111111111111111111111111000001
10000000000000000000000002000000000111111111111111111111111111111111111111111111111111100000000011111111111111111111111111000001
10000000000000000000000000000000000111111111111111111111111111111111111111111111111111100002000011111111111111111111111111000001
10000000000000000000000000000000000111111111111111111111111111111111111111111111111111100000000011111111111111111111111111000001
10000000000000000000000000000000000111111111111111111111111111111111111111111111111111100000000011111111111111111111111111002001
10000000000000000000000000000000000111111111111111111111111111111111111111111111111111100000000011111111111111111111111111000001
10000000000000000000000000000000000111111111111111111111111111111111111111111111111111100000000011111111111111111111111111000001
10000000000000000000000000000000000111111111111111111111111111111111111111111111111111100000000011111111111111111111111111000001
10000000000000000000000020000000000111111111111111111111111111111111111111111111111111100002000011111111111111111111111111000001
10020000000000000000000000000000000000000000000000000000000000000000000000000000000000000000000000000000000000000000000000000001
10000000000000000000000000000000000000000000000000000000000000000000000000000000000000000000000000000000000000000000000000000001
10000000000000000000000000000000000000000000000000000000000000000000000000000000000000000000000000000000000000000000000000000001
10000000000000000000000000000000002000000000000000000000000000200000000000000000000000000002000000000000000000200000000000002001
10020000000000000000000000000000000000000000000000000000000000000000000000000000000000000000000000000000000000000000000000000001
10000000000000000000000000000000000000000000000000000000000000000000000000000000000000000000000000000000000000000000000000000001
10000000000001111100000000000000001111111111111111110000200000111111111111111111000002000011111111111111111111110002000110000001   
10000000000011111110000000000000001111111111111111110000000000111111111111111111000000000011111111111111111111110000000110000001 
10000000000111111111000000000000001111111111111111110000000000111111111111111111000000000011111111111111111111110000000110000001 
10000000001111111111100000000000001111111111111111110000000000111111111111111111000000000011111111111111111111110000000110000001
10000000001111111111100000000000001111111111111111110000000000111111111111111111000000000011111111111111111111110000000110000001
10020000001111111111100000000000001111111111111111110000200000111111111111111111000002000011111111111111111111110000200110000001  
10000000001111111111100000000000001111111111111111110000000000111111111111111111000000000011111111111111111111110000000110000001   
10000000000111111111000000000000001111111111111111110000000000111111111111111111000000000011111111111111111111110000000110000001
10000000000011111110000000000000001111111111111111110000000000111111111111111111000000000011111111111111111111110000000110000001
10000000000001111100000000000000001111111111111111110000000000111111111111111111000002000011111111111111111111110000000110000001
10000000000000000000000000000000000000000000000000000000000000000000000000000000000000000000000000000000000000000000000000000001
10000000000000000000000000000000000000000000000000000000000000000000000000000000000000000000000000000000000000000000000000000001
10020000000000000000000000020000000000000000000000000000002000000000000000000000000000200000000000000000020000000000200000000001
10000000000000000000000000000000000000000000000000000000000000000000000000000000000000000000000000000000000000000000000000000001
10000000000000000000000000000000000000000000000000000000000000000000000000000000000000000000000000000000000000000000000000000001
10000000000000000000000000000000000000000000000000000000000000000000000000000000000000000000000000000000000000000000000000000001
10000000000000000000000000000000000000000000000000000000000000000000000000000000000000000000000000000000000000000000000000000001
11111111111111111111111111111111111111111111111111111111111111111111111111111111111111111111111111111111111111111111111111111111